20
6042199 9 123456 18 10000000 39655126 836306508 640000324 90000765
523223149082128364 158568 991720 2994044 1181676 376610494 650869357 336623539 620070320
11 2 3 5 7 11 13 17 19
905104693315080537 9999909 9999991 9999949 10000000 649996686 729996274 470000001 920000002
1606423995 9999909 9999991 9999949 10000000 499997451 929995254 810000001 970000002
543891101326393011 2399842 2681913 3762239 7443017 520101360 433901517 275677792 766417656
5 1 4 5 7 1 0 1 2
1433256560 9999909 9999991 9999949 9999991 979995003 749996173 139999875 249999775
1558749102 1 10000000 10000000 10000000 30000001 780000000 660000001 389999998
907005781191085944 1 5 9999949 9999991 839995717 809995867 459999587 579999478
80933573 102400 15000 9699690 9748872 989369349 872975008 916394050 370457193
54341206 9999909 9999991 9999949 9999991 689996482 829995765 749999326 389999649
940978906345340844 759324 967048 10000000 9999999 810000001 650000000 59999995 259999974
967702028973969107 1 10000000 10000000 10000000 840000001 670000000 40000001 19999998
86974256 123456 557 9988776 1025 729181302 409540566 403985 491394225
70413132 123 1 10000000 10000000 20000001 190000000 90000001 360000002
980046644627629799 9 123456 18 10000000 831918484 451864686 840000324 650000765
21226979124954459 1992450 782255 2704224 4505616 370983767 153300418 852618302 706520016
1555193042 9999991 1 9999991 9999989 259999767 19999980 239999737 679999252
930033404565174954 102400 15000 9699690 9748872 620781129 950572528 311963986 692169969
